 -26 8.75 0 0 75 0 1
-1.25 -2.5 0 0 0 0 1
0 -3 0 0 0 0 1
0 -2.55 0 0 0 0 1
1.25 -2.5 0 0 0 0 1
0 -3 0 0 0 0 1
0 -2.55 0 0 0 0 1
0 2.5 0 0 0 0 1
-3.25 1.5 0 0 0 0 1
-2 0 0 0 0 0 1
-1.5 0 0 0 0 0 1
3.25 1.5 0 0 0 0 1
2 0 0 0 0 0 1
1.5 0 0 0 0 0 1
0 3.25 0 0 0 0 1
0 1.625 0 0 0 0 1
25 4 0 0 0 0 0
0 0 0 0 165 0 1
0 -2 0 0 0 -1200 1
Camera_Pos 0 20 65.5
Up_Vector_Pos 0 1 0
Target_Pos 0 0 22.5
Lights 1 1 -1
Stored_key_frame
-26 8.75 0 0 75 0 1
-1.25 -2.5 0 0 0 0 1
0 -3 0 0 0 0 1
0 -2.55 0 0 0 0 1
1.25 -2.5 0 0 0 0 1
0 -3 0 0 0 0 1
0 -2.55 0 0 0 0 1
0 2.5 0 0 0 0 1
-3.25 1.5 0 0 0 0 1
-2 0 0 0 0 0 1
-1.5 0 0 0 0 0 1
3.25 1.5 0 0 0 0 1
2 0 0 0 0 0 1
1.5 0 0 0 0 0 1
0 3.25 0 0 0 0 1
0 1.625 0 0 0 0 1
25 4 0 0 0 0 0
0 0 0 0 165 0 1
0 -2 0 0 0 -1200 1
Camera_Pos 0 20 62.5
Up_Vector_Pos 0 1 0
Target_Pos 0 0 19.5
Lights 1 1 -1
Stored_key_frame
-26 8.75 0 0 75 0 1
-1.25 -2.5 0 0 0 0 1
0 -3 0 0 0 0 1
0 -2.55 0 0 0 0 1
1.25 -2.5 0 0 0 0 1
0 -3 0 0 0 0 1
0 -2.55 0 0 0 0 1
0 2.5 0 0 0 0 1
-3.25 1.5 0 0 0 0 1
-2 0 0 0 0 0 1
-1.5 0 0 0 0 0 1
3.25 1.5 0 0 0 0 1
2 0 0 0 0 0 1
1.5 0 0 0 0 0 1
0 3.25 0 0 0 0 1
0 1.625 0 0 0 0 1
25 4 0 0 0 0 0
0 0 0 0 165 0 1
0 -2 0 0 0 -1200 1
Camera_Pos 0 20 59.5
Up_Vector_Pos 0 1 0
Target_Pos 0 0 16.5
Lights 1 1 -1
Stored_key_frame
-26 8.75 0 0 75 0 1
-1.25 -2.5 0 0 0 0 1
0 -3 0 0 0 0 1
0 -2.55 0 0 0 0 1
1.25 -2.5 0 0 0 0 1
0 -3 0 0 0 0 1
0 -2.55 0 0 0 0 1
0 2.5 0 0 0 0 1
-3.25 1.5 0 0 0 0 1
-2 0 0 0 0 0 1
-1.5 0 0 0 0 0 1
3.25 1.5 0 0 0 0 1
2 0 0 0 0 0 1
1.5 0 0 0 0 0 1
0 3.25 0 0 0 0 1
0 1.625 0 0 0 0 1
25 4 0 0 0 0 0
0 0 0 0 165 0 1
0 -2 0 0 0 -1200 1
Camera_Pos 0 20 56.5
Up_Vector_Pos 0 1 0
Target_Pos 0 0 13.5
Lights 1 1 -1
Stored_key_frame
-26 8.75 0 0 75 0 1
-1.25 -2.5 0 0 0 0 1
0 -3 0 0 0 0 1
0 -2.55 0 0 0 0 1
1.25 -2.5 0 0 0 0 1
0 -3 0 0 0 0 1
0 -2.55 0 0 0 0 1
0 2.5 0 0 0 0 1
-3.25 1.5 0 0 0 0 1
-2 0 0 0 0 0 1
-1.5 0 0 0 0 0 1
3.25 1.5 0 0 0 0 1
2 0 0 0 0 0 1
1.5 0 0 0 0 0 1
0 3.25 0 0 0 0 1
0 1.625 0 0 0 0 1
25 4 0 0 0 0 0
0 0 0 0 165 0 1
0 -2 0 0 0 -1200 1
Camera_Pos 0 20 53.5
Up_Vector_Pos 0 1 0
Target_Pos 0 0 10.5
Lights 1 1 -1
Stored_key_frame
-26 8.75 0 0 75 0 1
-1.25 -2.5 0 0 0 0 1
0 -3 0 0 0 0 1
0 -2.55 0 0 0 0 1
1.25 -2.5 0 0 0 0 1
0 -3 0 0 0 0 1
0 -2.55 0 0 0 0 1
0 2.5 0 0 0 0 1
-3.25 1.5 0 0 0 0 1
-2 0 0 0 0 0 1
-1.5 0 0 0 0 0 1
3.25 1.5 0 0 0 0 1
2 0 0 0 0 0 1
1.5 0 0 0 0 0 1
0 3.25 0 0 0 0 1
0 1.625 0 0 0 0 1
25 4 0 0 0 0 0
0 0 0 0 165 0 1
0 -2 0 0 0 -1200 1
Camera_Pos 0 20 50.5
Up_Vector_Pos 0 1 0
Target_Pos 0 0 7.5
Lights 1 1 -1
Stored_key_frame
-26 8.75 0 0 75 0 1
-1.25 -2.5 0 0 0 0 1
0 -3 0 0 0 0 1
0 -2.55 0 0 0 0 1
1.25 -2.5 0 0 0 0 1
0 -3 0 0 0 0 1
0 -2.55 0 0 0 0 1
0 2.5 0 0 0 0 1
-3.25 1.5 0 0 0 0 1
-2 0 0 0 0 0 1
-1.5 0 0 0 0 0 1
3.25 1.5 0 0 0 0 1
2 0 0 0 0 0 1
1.5 0 0 0 0 0 1
0 3.25 0 0 0 0 1
0 1.625 0 0 0 0 1
25 4 0 0 0 0 0
0 0 0 0 165 0 1
0 -2 0 0 0 -1200 1
Camera_Pos 0 20 47
Up_Vector_Pos 0 1 0
Target_Pos 0 0 4
Lights 1 1 -1
Stored_key_frame
-26 8.75 0 0 75 0 1
-1.25 -2.5 0 0 0 0 1
0 -3 0 0 0 0 1
0 -2.55 0 0 0 0 1
1.25 -2.5 0 0 0 0 1
0 -3 0 0 0 0 1
0 -2.55 0 0 0 0 1
0 2.5 0 0 0 0 1
-3.25 1.5 0 0 0 0 1
-2 0 0 0 0 0 1
-1.5 0 0 0 0 0 1
3.25 1.5 0 0 0 0 1
2 0 0 0 0 0 1
1.5 0 0 0 0 0 1
0 3.25 0 0 0 0 1
0 1.625 0 0 0 0 1
25 4 0 0 0 0 0
0 0 0 0 165 0 1
0 -2 0 0 0 -1200 1
Camera_Pos 0 20 43.5
Up_Vector_Pos 0 1 0
Target_Pos 0 0 0.5
Lights 1 1 -1
Stored_key_frame
-26 8.75 0 0 75 0 1
-1.25 -2.5 0 0 0 0 1
0 -3 0 0 0 0 1
0 -2.55 0 0 0 0 1
1.25 -2.5 0 0 0 0 1
0 -3 0 0 0 0 1
0 -2.55 0 0 0 0 1
0 2.5 0 0 0 0 1
-3.25 1.5 0 0 0 0 1
-2 0 0 0 0 0 1
-1.5 0 0 0 0 0 1
3.25 1.5 0 0 0 0 1
2 0 0 0 0 0 1
1.5 0 0 0 0 0 1
0 3.25 0 0 0 0 1
0 1.625 0 0 0 0 1
25 4 0 0 0 0 0
0 0 0 0 165 0 1
0 -2 0 0 0 -1200 1
Camera_Pos 0 20 39.5
Up_Vector_Pos 0 1 0
Target_Pos 0 0 -3.5
Lights 1 1 -1
Stored_key_frame
-26 8.75 0 0 75 0 1
-1.25 -2.5 0 0 0 0 1
0 -3 0 0 0 0 1
0 -2.55 0 0 0 0 1
1.25 -2.5 0 0 0 0 1
0 -3 0 0 0 0 1
0 -2.55 0 0 0 0 1
0 2.5 0 0 0 0 1
-3.25 1.5 0 0 0 0 1
-2 0 0 0 0 0 1
-1.5 0 0 0 0 0 1
3.25 1.5 0 0 0 0 1
2 0 0 0 0 0 1
1.5 0 0 0 0 0 1
0 3.25 0 0 0 0 1
0 1.625 0 0 0 0 1
25 4 0 0 0 0 0
0 0 0 0 165 0 1
0 -2 0 0 0 -1200 1
Camera_Pos 11.6292 20 32.0348
Up_Vector_Pos 0 1 0
Target_Pos 0.5 0 -9.5
Lights 1 1 -1
Stored_key_frame
-26 8.75 0 0 75 0 1
-1.25 -2.5 0 0 0 0 1
0 -3 0 0 0 0 1
0 -2.55 0 0 0 0 1
1.25 -2.5 0 0 0 0 1
0 -3 0 0 0 0 1
0 -2.55 0 0 0 0 1
0 2.5 0 0 0 0 1
-3.25 1.5 0 0 0 0 1
-2 0 0 0 0 0 1
-1.5 0 0 0 0 0 1
3.25 1.5 0 0 0 0 1
2 0 0 0 0 0 1
1.5 0 0 0 0 0 1
0 3.25 0 0 0 0 1
0 1.625 0 0 0 0 1
25 4 0 0 0 0 0
0 0 0 0 45 0 1
0 -2 0 0 0 -1200 1
Camera_Pos 11.6292 20 32.0348
Up_Vector_Pos 0 1 0
Target_Pos 0.5 0 -9.5
Lights 1 1 -1
Stored_key_frame
-22 5.75 0 0 75 0 1
-1.25 -2.5 0 -15 0 0 1
0 -3 0 90 0 0 1
0 -2.55 0 0 0 0 1
1.25 -2.5 0 -15 0 0 1
0 -3 0 90 0 0 1
0 -2.55 0 0 0 0 1
0 2.5 0 -15 0 0 1
-3.25 1.5 0 0 0 0 1
-2 0 0 0 0 0 1
-1.5 0 0 0 0 0 1
3.25 1.5 0 0 0 0 1
2 0 0 0 0 0 1
1.5 0 0 0 0 0 1
0 3.25 0 0 0 0 1
0 1.625 0 0 0 0 1
25 4 0 0 0 0 0
0 0 0 0 45 0 1
0 -2 0 0 0 -1200 1
Camera_Pos 11.6292 20 32.0348
Up_Vector_Pos 0 1 0
Target_Pos 0.5 0 -9.5
Lights 1 1 -1
Stored_key_frame
-14 5.75 0 0 75 0 1
-1.25 -2.5 0 -15 0 0 1
0 -3 0 90 0 0 1
0 -2.55 0 0 0 0 1
1.25 -2.5 0 -15 0 0 1
0 -3 0 90 0 0 1
0 -2.55 0 0 0 0 1
0 2.5 0 -15 0 0 1
-3.25 1.5 0 0 0 0 1
-2 0 0 0 0 0 1
-1.5 0 0 0 0 0 1
3.25 1.5 0 0 0 0 1
2 0 0 0 0 0 1
1.5 0 0 0 0 0 1
0 3.25 0 0 0 0 1
0 1.625 0 0 0 0 1
20 4 0 0 0 0 0
0 0 0 0 45 0 1
0 -2 0 0 0 -900 1
Camera_Pos 11.6292 20 32.0348
Up_Vector_Pos 0 1 0
Target_Pos 0.5 0 -9.5
Lights 1 1 -1
Stored_key_frame
-8 5.75 0 0 75 0 1
-1.25 -2.5 0 -15 0 0 1
0 -3 0 90 0 0 1
0 -2.55 0 0 0 0 1
1.25 -2.5 0 -15 0 0 1
0 -3 0 90 0 0 1
0 -2.55 0 0 0 0 1
0 2.5 0 -15 0 0 1
-3.25 1.5 0 0 0 0 1
-2 0 0 0 0 0 1
-1.5 0 0 0 0 0 1
3.25 1.5 0 0 0 0 1
2 0 0 0 0 0 1
1.5 0 0 0 0 0 1
0 3.25 0 0 0 0 1
0 1.625 0 0 0 0 1
13 4 0 0 0 0 0
0 0 0 0 45 0 1
0 -2 0 0 0 -480 1
Camera_Pos 11.6292 20 32.0348
Up_Vector_Pos 0 1 0
Target_Pos 0.5 0 -9.5
Lights 1 1 -1
Stored_key_frame
-8 5.75 0 0 75 0 1
-1.25 -2.5 0 -15 0 0 1
0 -3 0 90 0 0 1
0 -2.55 0 0 0 0 1
1.25 -2.5 0 -15 0 0 1
0 -3 0 90 0 0 1
0 -2.55 0 0 0 0 1
0 2.5 0 -15 0 0 1
-3.25 1.5 0 0 0 0 1
-2 0 0 0 0 0 1
-1.5 0 0 0 0 0 1
3.25 1.5 0 0 0 0 1
2 0 0 0 0 0 1
1.5 0 0 0 0 0 1
0 3.25 0 0 0 0 1
0 1.625 0 0 0 0 1
5 4 0 0 0 0 0
0 0 0 0 45 0 1
0 -2 0 0 0 0 1
Camera_Pos 11.6292 20 32.0348
Up_Vector_Pos 0 1 0
Target_Pos 0.5 0 -9.5
Lights 1 1 -1
Stored_key_frame
-8 5.75 0 0 75 0 1
-1.25 -2.5 0 -15 0 0 1
0 -3 0 90 0 0 1
0 -2.55 0 0 0 0 1
1.25 -2.5 0 -15 0 0 1
0 -3 0 90 0 0 1
0 -2.55 0 0 0 0 1
0 2.5 0 -15 0 0 1
-3.25 1.5 0 90 0 -60 1
-2 0 0 0 0 -75 1
-1.5 0 0 0 0 0 1
3.25 1.5 0 90 0 45 1
2 0 0 0 0 75 1
1.5 0 0 0 0 0 1
0 3.25 0 0 0 0 1
0 1.625 0 0 0 0 1
-6 12 0 0 0 0 0
0 0 0 0 45 0 1
0 -2 0 0 165 660 1
Camera_Pos 3.24766 20 33.3365
Up_Vector_Pos 0 1 0
Target_Pos -0.5 0 -9.5
Lights -1 -1 1
Stored_key_frame
-8 5.75 0 0 75 0 1
-1.25 -2.5 0 -15 0 0 1
0 -3 0 90 0 0 1
0 -2.55 0 0 0 0 1
1.25 -2.5 0 -15 0 0 1
0 -3 0 90 0 0 1
0 -2.55 0 0 0 0 1
0 2.5 0 -15 0 0 1
-3.25 1.5 0 90 0 -60 1
-2 0 0 0 0 -75 1
-1.5 0 0 0 0 0 1
3.25 1.5 0 90 0 45 1
2 0 0 0 0 75 1
1.5 0 0 0 0 0 1
0 3.25 0 0 0 0 1
0 1.625 0 0 0 0 1
-6 12 0 0 0 0 0
0 0 0 0 45 0 1
0 -2 0 0 165 660 1
Camera_Pos 14.6638 20 18.7237
Up_Vector_Pos 0 1 0
Target_Pos -10 0 -16.5
Lights -1 -1 1
Stored_key_frame
-8 5.75 0 0 75 0 1
-1.25 -2.5 0 -15 0 0 1
0 -3 0 90 0 0 1
0 -2.55 0 0 0 0 1
1.25 -2.5 0 -15 0 0 1
0 -3 0 90 0 0 1
0 -2.55 0 0 0 0 1
0 2.5 0 -15 0 0 1
-3.25 1.5 0 90 0 -60 1
-2 0 0 0 0 -75 1
-1.5 0 0 0 0 0 1
3.25 1.5 0 90 0 45 1
2 0 0 0 0 75 1
1.5 0 0 0 0 0 1
0 3.25 0 0 0 0 1
0 1.625 0 0 0 0 1
-6 12 0 0 0 0 0
0 0 0 0 45 0 1
0 -2 0 0 165 660 1
Camera_Pos 19.8097 20.8435 1.40687
Up_Vector_Pos 0 1 0
Target_Pos -19 0 -21
Lights -1 -1 1
Stored_key_frame
-8 5.75 0 0 75 0 1
-1.25 -2.5 0 -15 0 0 1
0 -3 0 90 0 0 1
0 -2.55 0 0 0 0 1
1.25 -2.5 0 -15 0 0 1
0 -3 0 90 0 0 1
0 -2.55 0 0 0 0 1
0 2.5 0 -15 0 0 1
-3.25 1.5 0 90 0 -60 1
-2 0 0 0 0 -75 1
-1.5 0 0 0 0 0 1
3.25 1.5 0 90 0 45 1
2 0 0 0 0 75 1
1.5 0 0 0 0 0 1
0 3.25 0 0 0 0 1
0 1.625 0 0 0 0 1
-6 12 0 0 0 0 0
0 0 0 0 45 0 1
0 -2 0 0 165 660 1
Camera_Pos 18.1431 20.8435 -25.9057
Up_Vector_Pos 0 1 0
Target_Pos -26.5 0 -22
Lights -1 -1 1
Stored_key_frame
-8 5.75 0 0 75 0 1
-1.25 -2.5 0 -15 0 0 1
0 -3 0 90 0 0 1
0 -2.55 0 0 0 0 1
1.25 -2.5 0 -15 0 0 1
0 -3 0 90 0 0 1
0 -2.55 0 0 0 0 1
0 2.5 0 -15 0 0 1
-3.25 1.5 0 90 0 -60 1
-2 0 0 0 0 -75 1
-1.5 0 0 0 0 0 1
3.25 1.5 0 90 0 45 1
2 0 0 0 0 75 1
1.5 0 0 0 0 0 1
0 3.25 0 0 0 0 1
0 1.625 0 0 0 0 1
-6 12 0 0 0 0 0
0 0 0 0 45 0 1
0 -2 0 0 165 660 1
Camera_Pos 9.20924 20.8435 -27.204
Up_Vector_Pos 0 1 -7.45058e-09
Target_Pos -27.5 0 -1.5
Lights -1 -1 1
Stored_key_frame
