 -27 8.75 0 0 90 0 1
-1.25 -2.5 0 0 0 0 1
0 -3 0 0 0 0 1
0 -2.55 0 0 0 0 1
1.25 -2.5 0 0 0 0 1
0 -3 0 0 0 0 1
0 -2.55 0 0 0 0 1
0 2.5 0 0 0 0 1
-3.25 1.5 0 0 0 0 1
-2 0 0 0 0 0 1
-1.5 0 0 0 0 0 1
3.25 1.5 0 0 0 0 1
2 0 0 0 0 0 1
1.5 0 0 0 0 0 1
0 3.25 0 0 0 0 1
0 1.625 0 0 0 0 1
26 4 0 0 0 0 0
0 0 0 0 0 0 1
0 -2 0 0 0 -1260 1
Camera_Pos 0 20 67.5
Up_Vector_Pos 0 1 0
Target_Pos 0 0 24.5
Lights -1 -1 -1
Stored_key_frame
-27 8.75 0 0 90 0 1
-1.25 -2.5 0 0 0 0 1
0 -3 0 0 0 0 1
0 -2.55 0 0 0 0 1
1.25 -2.5 0 0 0 0 1
0 -3 0 0 0 0 1
0 -2.55 0 0 0 0 1
0 2.5 0 0 0 0 1
-3.25 1.5 0 0 0 0 1
-2 0 0 0 0 0 1
-1.5 0 0 0 0 0 1
3.25 1.5 0 0 0 0 1
2 0 0 0 0 0 1
1.5 0 0 0 0 0 1
0 3.25 0 0 0 0 1
0 1.625 0 0 0 0 1
26 4 0 0 0 0 0
0 0 0 0 0 0 1
0 -2 0 0 0 -1260 1
Camera_Pos 0 20 61.5
Up_Vector_Pos 0 1 0
Target_Pos 0 0 18.5
Lights 1 1 -1
Stored_key_frame
-27 8.75 0 0 90 0 1
-1.25 -2.5 0 0 0 0 1
0 -3 0 0 0 0 1
0 -2.55 0 0 0 0 1
1.25 -2.5 0 0 0 0 1
0 -3 0 0 0 0 1
0 -2.55 0 0 0 0 1
0 2.5 0 0 0 0 1
-3.25 1.5 0 0 0 0 1
-2 0 0 0 0 0 1
-1.5 0 0 0 0 0 1
3.25 1.5 0 0 0 0 1
2 0 0 0 0 0 1
1.5 0 0 0 0 0 1
0 3.25 0 0 0 0 1
0 1.625 0 0 0 0 1
26 4 0 0 0 0 0
0 0 0 0 0 0 1
0 -2 0 0 0 -1260 1
Camera_Pos 0 20 55.5
Up_Vector_Pos 0 1 0
Target_Pos 0 0 12.5
Lights 1 1 -1
Stored_key_frame
-27 8.75 0 0 90 0 1
-1.25 -2.5 0 0 0 0 1
0 -3 0 0 0 0 1
0 -2.55 0 0 0 0 1
1.25 -2.5 0 0 0 0 1
0 -3 0 0 0 0 1
0 -2.55 0 0 0 0 1
0 2.5 0 0 0 0 1
-3.25 1.5 0 0 0 0 1
-2 0 0 0 0 0 1
-1.5 0 0 0 0 0 1
3.25 1.5 0 0 0 0 1
2 0 0 0 0 0 1
1.5 0 0 0 0 0 1
0 3.25 0 0 0 0 1
0 1.625 0 0 0 0 1
26 4 0 0 0 0 0
0 0 0 0 0 0 1
0 -2 0 0 0 -1260 1
Camera_Pos 0 20 49
Up_Vector_Pos 0 1 0
Target_Pos 0 0 6
Lights 1 1 -1
Stored_key_frame
-27 8.75 0 0 90 0 1
-1.25 -2.5 0 0 0 0 1
0 -3 0 0 0 0 1
0 -2.55 0 0 0 0 1
1.25 -2.5 0 0 0 0 1
0 -3 0 0 0 0 1
0 -2.55 0 0 0 0 1
0 2.5 0 0 0 0 1
-3.25 1.5 0 0 0 0 1
-2 0 0 0 0 0 1
-1.5 0 0 0 0 0 1
3.25 1.5 0 0 0 0 1
2 0 0 0 0 0 1
1.5 0 0 0 0 0 1
0 3.25 0 0 0 0 1
0 1.625 0 0 0 0 1
26 4 0 0 0 0 0
0 0 0 0 0 0 1
0 -2 0 0 0 -1260 1
Camera_Pos 0 20 43
Up_Vector_Pos 0 1 0
Target_Pos 0 0 0
Lights 1 1 -1
Stored_key_frame
-27 8.75 0 0 90 0 1
-1.25 -2.5 0 0 0 0 1
0 -3 0 0 0 0 1
0 -2.55 0 0 0 0 1
1.25 -2.5 0 0 0 0 1
0 -3 0 0 0 0 1
0 -2.55 0 0 0 0 1
0 2.5 0 0 0 0 1
-3.25 1.5 0 0 0 0 1
-2 0 0 0 0 0 1
-1.5 0 0 0 0 0 1
3.25 1.5 0 0 0 0 1
2 0 0 0 0 0 1
1.5 0 0 0 0 0 1
0 3.25 0 0 0 0 1
0 1.625 0 0 0 0 1
26 4 0 0 0 0 0
0 0 0 0 0 0 1
0 -2 0 0 0 -1260 1
Camera_Pos 0 20 39.5
Up_Vector_Pos 0 1 0
Target_Pos 0 0 -3.5
Lights 1 1 -1
Stored_key_frame
-27 8.75 0 0 90 0 1
-1.25 -2.5 0 0 0 0 1
0 -3 0 0 0 0 1
0 -2.55 0 0 0 0 1
1.25 -2.5 0 0 0 0 1
0 -3 0 0 0 0 1
0 -2.55 0 0 0 0 1
0 2.5 0 0 0 0 1
-3.25 1.5 0 0 0 0 1
-2 0 0 0 0 0 1
-1.5 0 0 0 0 0 1
3.25 1.5 0 0 0 0 1
2 0 0 0 0 0 1
1.5 0 0 0 0 0 1
0 3.25 0 0 0 0 1
0 1.625 0 0 0 0 1
26 4 0 0 0 0 0
0 0 0 0 0 0 1
0 -2 0 0 0 -1260 1
Camera_Pos 0 20 35
Up_Vector_Pos 0 1 0
Target_Pos 0 0 -8
Lights 1 1 -1
Stored_key_frame
-27 8.75 0 0 90 0 1
-1.25 -2.5 0 0 0 0 1
0 -3 0 0 0 0 1
0 -2.55 0 0 0 0 1
1.25 -2.5 0 0 0 0 1
0 -3 0 0 0 0 1
0 -2.55 0 0 0 0 1
0 2.5 0 0 0 0 1
-3.25 1.5 0 0 0 0 1
-2 0 0 0 0 0 1
-1.5 0 0 0 0 0 1
3.25 1.5 0 0 0 0 1
2 0 0 0 0 0 1
1.5 0 0 0 0 0 1
0 3.25 0 0 0 0 1
0 1.625 0 0 0 0 1
26 4 0 0 0 0 0
0 0 0 0 0 0 1
0 -2 0 0 0 -1260 1
Camera_Pos 11.038 16.1762 31.5605
Up_Vector_Pos 0.0225576 0.996195 0.084186
Target_Pos -0.5 0 -11.5
Lights 1 1 -1
Stored_key_frame
-23 5.75 0 0 90 0 1
-1.25 -2.5 0 -15 0 0 1
0 -3 0 90 0 0 1
0 -2.55 0 0 0 0 1
1.25 -2.5 0 -15 0 0 1
0 -3 0 90 0 0 1
0 -2.55 0 0 0 0 1
0 2.5 0 -15 0 0 1
-3.25 1.5 0 0 0 0 1
-2 0 0 0 0 0 1
-1.5 0 0 0 0 0 1
3.25 1.5 0 0 0 0 1
2 0 0 0 0 0 1
1.5 0 0 0 0 0 1
0 3.25 0 0 0 0 1
0 1.625 0 0 0 0 1
26 4 0 0 0 0 0
0 0 0 0 0 0 1
0 -2 0 0 0 -1260 1
Camera_Pos 11.038 16.1762 31.5605
Up_Vector_Pos 0.0225576 0.996195 0.084186
Target_Pos -0.5 0 -11.5
Lights 1 1 -1
Stored_key_frame
-16 5.75 0 0 90 0 1
-1.25 -2.5 0 -15 0 0 1
0 -3 0 90 0 0 1
0 -2.55 0 0 0 0 1
1.25 -2.5 0 -15 0 0 1
0 -3 0 90 0 0 1
0 -2.55 0 0 0 0 1
0 2.5 0 -15 0 0 1
-3.25 1.5 0 0 0 0 1
-2 0 0 0 0 0 1
-1.5 0 0 0 0 0 1
3.25 1.5 0 0 0 0 1
2 0 0 0 0 0 1
1.5 0 0 0 0 0 1
0 3.25 0 0 0 0 1
0 1.625 0 0 0 0 1
26 4 0 0 0 0 0
0 0 0 0 30 0 1
0 -2 0 0 0 -1260 1
Camera_Pos 11.038 16.1762 31.5605
Up_Vector_Pos 0.0225576 0.996195 0.084186
Target_Pos -0.5 0 -11.5
Lights 1 1 -1
Stored_key_frame
